2 0.4007489618833787 0.568117774894634 0.3820224719101124 0.1755617977528089
4 0.9279026217228464 0.1460674157303371 0.07677902621722865 0.07865168539325845
4 0.7549983796931908 0.17235673671101573 0.18424636668722727 0.08414603618257446
4 0.3581996402634362 0.04207301809128723 0.2737962767530863 0.08260207221592171
4 0.5095081089954049 0.3605155862134153 0.10704816835459006 0.13432486509878852
4 0.3391574180080524 0.7182265760858745 0.18836360393163457 0.05712666676615129
4 0.41326768840738404 0.8637451799428956 0.19248084117604194 0.1397287389820731
4 0.7148553165602196 0.7054888733609894 0.0710223424660262 0.09958567584910184
4 0.6335398809831752 0.9529090990170914 0.08954991006585906 0.08491801816590097
4 0.8399163978590917 0.9239597746423525 0.24291699742003162 0.10884945964901846
4 0.2820307512419009 0.922801801667363 0.08646198213255353 0.06330252263276251
4 0.03087927933305484 0.8108359047253719 0.06175855866610968 0.08331703547991381
