6 0.5047737650477377 0.5691158156911581 0.12840736128407365 0.05977584059775829
1 0.6198976061989762 0.3032378580323785 0.1106960011069601 0.048567870485678635
4 0.27556758092170625 0.561561862981607 0.04054656605577417 0.051987554823350164
4 0.7495151990015898 0.45313023591191 0.057242210902269476 0.03152793647351551
4 0.9043550113431376 0.47618605227547406 0.017291917876727136 0.06305587294703109
5 0.9203474221630502 0.4581612896044922 0.020869556058119087 0.021465829088351
4 0.8526704332317212 0.2356210146026031 0.16099371816263272 0.022472039826867452
4 0.5688444708413021 0.13466453717145213 0.06320494120458918 0.03588818300708686
5 0.9012666851956271 0.14154031055131455 0.04352793120693391 0.014086950339230348
3 0.8771426916217229 0.058192521044201605 0.24571461675655443 0.08754033425093151
