4 0.4497095773399094 0.2979366012864981 0.12015810891078578 0.10344973281964044
4 0.49663522934057025 0.397653611787904 0.11873611945621924 0.10025025654686794
4 0.32208602379265494 0.4768406495390205 0.10664920909241263 0.07945366077384758
4 0.3726999418213356 0.3955612092192618 0.10058386620582221 0.10891321422508744
4 0.4678399428856191 0.5352310915171167 0.13793297709285385 0.09811727236501949
6 0.43015722233963344 0.46031002212969646 0.12513507200176432 0.08905208959216457
6 0.3985841233550063 0.580962069381306 0.021564222983882365 0.11101241890563292
6 0.3630366139048536 0.565433656260738 0.023112676977695666 0.06782330075161877
6 0.7543380478891354 0.5453464105030754 0.02286473896052982 0.1731041340325764
6 0.18250110397966687 0.5291154200662883 0.07927756555754786 0.013838944244077772
5 0.2371221538823663 0.4755075344253655 0.06470052018273044 0.09811727236501983
5 0.6868263188887069 0.404585810378911 0.02132984181848258 0.026662302273103223
