4 0.7136510500807759 0.6122778675282712 0.10662358642972453 0.11954765751211624
4 0.49192245557350567 0.6696283918584168 0.21809369951534735 0.14701130856219705
4 0.22960420032310183 0.2019386106623586 0.18537964458804526 0.05815831987075928
4 0.5131260096930537 0.28836833602584777 0.13206785137318294 0.08562197092083994
4 0.2580392705693492 0.35321558994215485 0.19022617124394162 0.07547987376612032
4 0.2574717285945073 0.32390953150242324 0.008481421647819048 0.030694668820678464
4 0.29927302100161557 0.48222940226171246 0.15024232633279483 0.06300484652665596
4 0.494345718901454 0.5088852988691438 0.046042003231017786 0.04523424878836835
4 0.2796968785456359 0.7254084712570454 0.15165232863653208 0.10820925890454239
0 0.3381653529078882 0.6188940310083343 0.05906530184499068 0.13662250297846854
4 0.6947876281789541 0.8491008184061495 0.0491617243201685 0.05598974158685849
6 0.67124136277399 0.44477207891862086 0.04024038112379201 0.03407022119994678
4 0.26444291912100576 0.47390783018155297 0.1285843583362313 0.02385484614631533
4 0.47028064124566543 0.8435680347689132 0.037909332736578705 0.03415255201493565
