6 0.5142897071940594 0.4699341279061595 0.09797191099913588 0.042371015943264735
4 0.28248298705033176 0.7592891760904686 0.2504802444291504 0.4071082390953154
4 0.5886421295522968 0.13376577571825915 0.18490842857157685 0.12665261657640284
4 0.3015616585891222 0.24394184168012922 0.21970920840064614 0.0387722132471729
4 0.5281537780270129 0.3519251975090406 0.1603981974642978 0.06317040746135173
4 0.9450726978998384 0.11470113085621969 0.10985460420032311 0.11631663974151857
4 0.8379106085083469 0.039579953990500856 0.08185245018847623 0.07269787243980623
4 0.16640990272949746 0.32080045432364385 0.12493268712977898 0.04067900737357269
4 0.5087415872024611 0.8912557136299264 0.016705784812039538 0.054159076568063964
4 0.06408920435716384 0.39683418219279987 0.03617886668927247 0.1073752529699707
4 0.07293217865436286 0.4104299476010575 0.021661156376214675 0.07186990551396447
4 0.1466840177219605 0.522264506770229 0.015124508990913676 0.08259675708321292
4 0.08666824373858498 0.6369274554074026 0.14815453002532586 0.17865508914214506
