6 0.7697905855066312 0.7862360606223144 0.033688865886505284 0.013057804417609294
6 0.07226162061454405 0.7873350169604527 0.024917800211911735 0.009090013517305522
4 0.07553079478645859 0.7516590085188661 0.05750261587364254 0.011362516896631713
4 0.4316529698248096 0.8026307127828416 0.01993424016952943 0.011712132801143582
5 0.03469324491043097 0.6265991048611774 0.06938648982086194 0.0162571395597962
2 0.3160727119187882 0.6459153835854514 0.06631968364093428 0.025871576933869135
5 0.16541585832984487 0.6250258332908745 0.027217904846857443 0.011012900992119939
5 0.3043805133578143 0.6774682189676365 0.0590360189636063 0.011712132801143582
4 0.8340091155114189 0.7691549899258419 0.08357046840302715 0.020277722461681264
4 0.9653878378040132 0.7256278098141294 0.06922432439197365 0.023773881506798916
6 0.686094537850445 0.525738415092923 0.0966043946677208 0.04877141867938916
6 0.6595550040706794 0.4584338547910274 0.0011500523174728982 0.000874039761279306
6 0.699423484409738 0.4408656555893121 0.08165371454057237 0.03426235864215116
6 0.5872933834561352 0.409312820207127 0.04753549578887778 0.013110596419190585
6 0.5947687235197088 0.332135109286159 0.029518009481803064 0.01398463618046989
5 0.30338211835895756 0.13753325062763658 0.06946457190196785 0.018703832160118436
