5 0.4906090632746718 0.3926288952240512 0.09456929647433307 0.049340502508348406
5 0.3013210732788059 0.48062416859154444 0.05412393669312023 0.10114803014211259
5 0.380415274339361 0.5079623198373144 0.11759486431156223 0.05427455275918256
5 0.14604788742470956 0.5249231175745586 0.07976714572182891 0.07462751004387598
6 0.22165662540554162 0.4040372596285653 0.07565543717946623 0.025652229926317577
6 0.6932751773277098 0.648746810098041 0.054521255271724266 0.05291768894020297
6 0.6713597707969191 0.6968538000436798 0.04062368039853979 0.11545677586953389
6 0.39714992810677613 0.7577893206414893 0.14218288139488883 0.04650342361411774
6 0.7055691858693734 0.5064302981755252 0.08338544923910789 0.039287375122271866
6 0.7105431603058656 0.8723766287071351 0.3751993780815564 0.02045506253297658
