5 0.8732120005997496 0.7277337956393758 0.25378301816965515 0.10678126047239561
6 0.19149936043759588 0.360233311001212 0.13751586120444567 0.05689576695493848
6 0.5035992572967551 0.44903702269914175 0.15569977673561183 0.06475077882137421
6 0.695894219920676 0.6174794130174779 0.140925345366539 0.1099558642275214
6 0.10171540186526223 0.6232971278497673 0.20343080373052447 0.08949956388621823
6 0.9335727359462481 0.3611922284218009 0.13285452810750356 0.11890576015301764
6 0.9705088143689299 0.5539346299601601 0.058982371262140135 0.1642945180608899
6 0.9773277826931173 0.6456710631964936 0.0453444346137654 0.01917834841177701
4 0.5665426182679024 0.6760367815151405 0.201159565563528 0.07095988912357512
4 0.32731047956099474 0.7735267192750069 0.1250144192767688 0.07159916740396753
4 0.11308122470944088 0.8096459421171872 0.07387215684536338 0.06968133256279004
4 0.09944328806106612 0.7320081379909711 0.19888657612213223 0.03586859758494541
4 0.22786719149992862 0.9371819590555045 0.16706472394259106 0.025571131215702963
4 0.4198762534809262 0.8087905869510453 0.03864082050372845 0.38856926895007476
6 0.9973740394526522 0.9172688631858311 0.04091380994512429 0.10036669002163338
