4 0.1492085475906228 0.4012974208150863 0.05170852975931128 0.2584814216478195
4 0.5573505654281096 0.7334412805134718 0.14054927302100154 0.04846434870443099
4 0.929523424878837 0.7746365105008078 0.1409531502423262 0.024232633279483055
6 0.30544182696605066 0.5571416834652289 0.024250332791670454 0.06902017794552323
6 0.2626539801653628 0.4859452133755714 0.015622810548480102 0.023006723345432925
6 0.3919015139665991 0.7250638672953583 0.04090368410934886 0.03331254994130759
6 0.3879949603853087 0.715489836652893 0.02454221046560921 0.00863301614247875
6 0.21670171048158718 0.6237413293046096 0.026717299568844784 0.015064347805316992
6 0.21205011703649035 0.5972829035993814 0.004178808809009204 0.0033017748614393837
4 0.29860317686500876 0.6662586023760716 0.04804746318596039 0.009789599960655062
6 0.41379362858688284 0.6736238322951426 0.0120413743664961 0.006212665837204855
6 0.24867925280687622 0.34102864256897175 0.014328915631703118 0.018883067111546838
