2 0.2666729536526104 0.5143336832853704 0.04588427603215724 0.11375476766305624
2 0.30646322427424677 0.5062083427380096 0.04946898509716945 0.1166225349150664
2 0.355573738464915 0.5076422263640146 0.04158262515414243 0.1405205953484815
2 0.39715636361905754 0.5210251402067272 0.03728097427612781 0.09654816415099753
2 0.44088981421220735 0.5157675669113757 0.03441320702411794 0.11853437974973936
2 0.48426479389885607 0.5090761099900195 0.03369626521111542 0.12235806941908599
2 0.521904239081485 0.5019066553825118 0.040148741528137466 0.14052059534848155
2 0.5638453351421286 0.5248488298760736 0.039431799715135225 0.13669690567913498
6 0.6043525475767675 0.5258047522934102 0.03871485790213264 0.16155088852988683
2 0.6881291787863469 0.5468491486309964 0.038714857902132645 0.12522583667109596
2 0.30502934064824183 0.6170952762736704 0.10108879563334643 0.05544357721354289
2 0.41257061259861083 0.6190072447264809 0.1010887956333457 0.04588434088101657
2 0.5211872972684826 0.6218749552357393 0.11184292282838314 0.05161981053617687
