6 0.48660844134315345 0.5781269668729206 0.11526218378270262 0.04559018035266137
6 0.4205139480110563 0.13199082608609328 0.023714229199311987 0.04191352137552823
4 0.3550080775444266 0.8263330345684963 0.09208400646203557 0.24071082390953152
4 0.9632471728594507 0.5516962843295637 0.06542810985460434 0.15670436187399034
4 0.6088449111470114 0.3441033925686589 0.12479806138933791 0.06785137318255244
4 0.7354604200323103 0.2237479874635541 0.09693053311793223 0.07592891760904685
4 0.3601811832319492 0.35783022909687046 0.0773659851766911 0.03662253267376999
4 0.3732386041632266 0.3268887121429566 0.006272917717029003 0.00975787200426737
6 0.6831173888390221 0.8327469741553445 0.032578789072253755 0.040509954951266705
4 0.5409935379644588 0.14378029079159935 0.05936995153473348 0.051696284329563795
4 0.37742326332794834 0.04927302100161551 0.07875605815831989 0.04684975767366721
