4 0.9348639244549806 0.9225217731342329 0.09414837319452203 0.04091923669966917
6 0.574819950402492 0.8562795661818996 0.0639914724056517 0.04527948323324054
6 0.28575502332868596 0.8710373236801411 0.08458642904195336 0.037229797325108935
6 0.6248362736620817 0.7434220339739069 0.037512242444692416 0.011068318123680854
6 0.8305968541089831 0.5888979459048683 0.04928078909400746 0.08740927484078774
6 0.9095292976333889 0.4368631623058939 0.06031380157774066 0.01576396823675779
6 0.4512915124756762 0.35267686385001723 0.06031380157774073 0.019118004031812675
4 0.510092943831258 0.2706706886609262 0.21256937385325678 0.1287949745301061
4 0.7149392089459016 0.31662097905317765 0.06178486990890519 0.03421116510955944
4 0.546134117944786 0.06909313737812985 0.22286685217140756 0.03689439374560332
4 0.3758579586125059 0.005366457272087756 0.03236350328561698 0.010732914544175512
