3 0.262566553941639 0.9726473237721132 0.08593976161369024 0.05470535245577352
3 0.32467428082212096 0.8700070832734097 0.10616088199338208 0.11320216498273908
3 0.35928597817488156 0.7872696019254127 0.12421545376096411 0.059038449679993193
3 0.36813271834099665 0.7289081986867038 0.09207831601466815 0.05280962242017722
3 0.3919647530742049 0.6774526691490951 0.08702303591974526 0.05226798526714973
3 0.46165540009707146 0.5402830601448909 0.08846740166115176 0.12674309380842566
3 0.4865707091363345 0.4354762710340776 0.07546810998849274 0.053622078149718526
3 0.5521088046526571 0.47772396897021935 0.09893905328634911 0.0352064149467848
3 0.4094776876887595 0.6102896621736902 0.03394259492305416 0.05335125957320486
3 0.4092971419710837 0.64657935142653 0.07330156137638291 0.028435950533941677
3 0.5491698814603303 0.3216229284713014 0.10579979055803058 0.1104939792176017
3 0.6922122815690933 0.035341824235041744 0.13504819682151337 0.07068364847008347
3 0.62541036602904 0.15978296014310056 0.10688306486408529 0.12078508512512348
