4 0.35606786674241425 0.7636144837001791 0.032632763450271086 0.038537739693653636
4 0.5263198562193729 0.7871100301186424 0.08857464365073582 0.018025716953483196
4 0.24447715823383767 0.41391443507812725 0.18353710412862892 0.21795031115274682
4 0.6438504662478814 0.4590908877000557 0.02421200404278732 0.07838563822160195
4 0.3760359809197884 0.42012783757058075 0.0824483084952825 0.0755178709695921
4 0.5334047088738277 0.404355150108956 0.08459913393428999 0.030589517354771514
4 0.44031454264948683 0.44719391768028344 0.04441733064340263 0.03345728460678135
4 0.5893261702880195 0.662932731426022 0.03011155614610312 0.07551787096959198
4 0.5638747359264322 0.6619762740056017 0.01935742895106628 0.008603301756029396
4 0.39180870080584257 0.700213158539905 0.05807228685319899 0.07360602613491907
4 0.1484069552915085 0.9163567682177777 0.04014874152813754 0.07934155253283247
4 0.20038523673418665 0.9488581506724914 0.017923545325061418 0.016250681094722098
4 0.42781049993730697 0.8421450892612515 0.06739253042223096 0.02010812338797806
4 0.3867901081148251 0.2400387904166536 0.04229956696714447 0.02103024049170761
4 0.6443068205805553 0.27742994660491044 0.0595061704792033 0.008278138729105615
4 0.686192359269247 0.3796704398082092 0.028147707704617345 0.0317563881795683
4 0.8663166397415187 0.7584814216478191 0.060581583198707704 0.08562197092084006
4 0.7924071082390953 0.7197092084006462 0.05331179321486275 0.07592891760904692
