2 0.2848039215686275 0.6320261437908498 0.12254901960784313 0.21568627450980393
2 0.26176470588235295 0.41633986928104577 0.11960784313725493 0.2705882352941177
2 0.3598039215686275 0.3339869281045752 0.0784313725490196 0.16078431372549024
2 0.5205882352941177 0.3483660130718954 0.06666666666666671 0.15816993464052284
2 0.611764705882353 0.32156862745098025 0.072549019607843 0.1594771241830064
2 0.6519607843137255 0.2856209150326797 0.05882352941176471 0.15555555555555553
6 0.7181372549019607 0.3516339869281048 0.08725490196078461 0.19084967320261448
1 0.7862745098039217 0.22026143790849673 0.26078431372548994 0.338562091503268
1 0.18284313725490198 0.7006535947712419 0.09705882352941175 0.29281045751633983
2 0.14313725490196078 0.4882352941176471 0.05686274509803921 0.14771241830065357
