6 0.2733486225052647 0.7854542645584643 0.0647085944043243 0.04117819643911545
6 0.4426390113764445 0.6933096439272936 0.07298771139190426 0.08317552988453006
6 0.6811018055059347 0.3287265253010973 0.07143156525152668 0.018263860180388676
6 0.5868593302037204 0.26209081662141087 0.05882599491302209 0.032564390041137196
6 0.4483117256906792 0.257884424589379 0.023023177951167217 0.023769533074723688
6 0.7699404973939836 0.2260119677327489 0.04075818327041612 0.014495196884984947
6 0.7758178385265905 0.221991219657694 0.0018227998418386447 0.0013670998813789482
6 0.7634324244339868 0.20529586424041962 0.015728648559537133 0.027240846982810464
6 0.5284150376164155 0.7235759013601676 0.03600346108654584 0.05806124921289037
6 0.49605731024511085 0.7105607192194985 0.00784346598840294 0.005882599491302187
