1 0.1372184237720753 0.472914867974133 0.08532196320753557 0.02649688278093329
2 0.2821186543917694 0.4034863270164976 0.06766914323356271 0.026496882780933362
2 0.9367440617599304 0.540666391034241 0.07649555322054909 0.026496882780933147
1 0.8470088935589017 0.5163496315200934 0.03236350328561713 0.022136636247362063
4 0.9371118288427215 0.44809500309072703 0.1140077956652415 0.04796271186928429
2 0.8863599714175495 0.42377824357657945 0.04928078909400753 0.020795021929340008
5 0.7791744943713742 0.4502698658890207 0.45215513807549335 0.03608190484295676
0 0.7649555322054915 0.40214889182707625 0.016181751642808422 0.0046956501130767945
5 0.4637542913995793 0.39376380233943903 0.06693360906798056 0.03890681522263613
6 0.35195309823108434 0.35368307458853365 0.16549518725599568 0.04729190471027337
5 0.5395976563234803 0.369100783220533 0.07830194857799477 0.04950237101962344
5 0.6981597806920812 0.3814736516234211 0.07033032164874352 0.052993765561866295
5 0.6969186218891378 0.34965823163446785 0.09635497569126869 0.04259625459719658
6 0.1746893643257733 0.30354023945246367 0.03162796912003476 0.05031053692582273
