6 0.4295056032140438 0.752389947041922 0.03186039035085637 0.05432355500994025
1 0.43655350774620316 0.6924022920713301 0.03282585672512475 0.05432357465883385
4 0.46248690726926034 0.41915104631154876 0.1392427847931279 0.022998234227136108
4 0.46758002094587015 0.17429020276965979 0.4009939607421177 0.10440591231339585
4 0.5418991046341699 0.08020054341370735 0.2040634785962134 0.04462504969938564
4 0.352965211694384 0.0698845064384467 0.16671244982034483 0.0875661459690313
4 0.603540796808358 0.027578979682020402 0.1841564721923821 0.05304487039738301
4 0.7479600149584321 0.15751290072434018 0.0770413593866748 0.05050154856767648
4 0.6974411260011951 0.290062823046004 0.02083905622754301 0.012629731046995829
4 0.21324717285945075 0.18336025848142165 0.11147011308562199 0.0823909531502423
4 0.0808721344533739 0.14114014625171326 0.10531875233006087 0.012289779789911873
4 0.13192334495454403 0.33308197199013334 0.051156400630741714 0.009221978422170521
4 0.04030551649437367 0.29178887260580155 0.027863359561385262 0.014387723004292013
4 0.040121925243920484 0.27281459830161275 0.0016338661718387916 0.0027726213825143373
4 0.07790682937026965 0.3839498645327428 0.01574452856499197 0.010298307992196104
4 0.05875990734156085 0.4146271251613509 0.024210926000883884 0.008317864147542986
4 0.17620612772199581 0.5747069037755638 0.06214339838284262 0.01494935874844928
4 0.153354080443714 0.6045754985082644 0.01292118637884986 0.014961389080087319
