4 0.317334040352557 0.9515847025834023 0.13933764135702736 0.08785601552731219
4 0.5282289306839456 0.4843146973790583 0.14369617484353717 0.08011164069911508
4 0.7534700248673797 0.434306673132872 0.013327948303715663 0.09208400646203581
4 0.311389337641357 0.30694668820678517 0.07996768982229405 0.038772213247172865
4 0.3731825525040388 0.06704357079227809 0.05815831987075924 0.05008077544426495
4 0.21021809369951538 0.10177702552552521 0.06421647819063005 0.051696284329563816
4 0.07875605815831987 0.4046849757673667 0.048465266558966075 0.10500807754442654
4 0.5775719502994496 0.5041679915427362 0.05211918505343291 0.07757280906626235
4 0.7306138933764137 0.3416801292407108 0.0775444264943458 0.05008077544426492
4 0.6803311793214862 0.17851373182552505 0.0327140549273021 0.09531502423263326
