6 0.7389396067415731 0.48806179775280895 0.14431179775280895 0.19803370786516858
4 0.10955056179775281 0.6074438202247191 0.033707865168539325 0.23174157303370785
4 0.2438553370786517 0.41853932584269665 0.2728230337078652 0.1348314606741573
6 0.18697331460674158 0.5056179775280899 0.16327247191011235 0.19662921348314605
6 0.6220154494382023 0.8153089887640449 0.08953651685393269 0.1474719101123594
6 0.8664049620039009 0.928370786516854 0.15486048580555434 0.1432584269662921
6 0.6277003114563783 0.5711040211505469 0.07719285235740245 0.11826648187262499
6 0.05538089027605144 0.970912838242138 0.058007685471535064 0.05817432351572378
4 0.06808313686180847 0.9466202635872206 0.13616627372361695 0.10675947282555881
4 0.32243598267300144 0.8676693959587383 0.03787723811325961 0.11123442078830678
4 0.4154543817071653 0.9507755724097723 0.12418662444034681 0.09844885518045558
4 0.2927095426347471 0.7222335871694292 0.06856259557210294 0.06073143663729397
4 0.4612392793032377 0.7036945170380448 0.06712421944121964 0.06840277600200466
4 0.4262387934517447 0.743329770422384 0.034521027141198674 0.0517815407117979
4 0.40010829374069845 0.8369840384998952 0.052260999422092454 0.04986370587062041
4 0.2035302225199838 0.89419944459503 0.05034316458091467 0.06200999319807906
4 0.15965975052804385 0.8890852183518894 0.037397779402965216 0.05433865383336823
6 0.19130402540747596 0.29278945241979604 0.06904205428239735 0.07287772396475276
