5 0.26099172250151 0.6391520300266774 0.052246684929671224 0.013094002101804988
5 0.37686555838513736 0.6439531641306726 0.03155492852188061 0.007565423436598451
4 0.45109723449808614 0.6375516519920125 0.11070089678167967 0.03084364939536272
4 0.45937393706120233 0.5530225939792492 0.12001218716518544 0.048011341039951534
6 0.49144615949327775 0.6109271810516756 0.1872603954905049 0.054412853178611865
5 0.510051795452038 0.5035371252705229 0.035175985893244076 0.014839869048712373
5 0.23019579003667034 0.5345262635781279 0.02586469550973824 0.013384979926289517
5 0.35900197367516684 0.530889040772071 0.015518817305842916 0.012512046452835861
5 0.2891672957988735 0.4904431231687178 0.05172939101947648 0.011348135154897606
5 0.6409271547313135 0.4227907789760587 0.020691756407790578 0.014548891224227773
5 0.6639467337349808 0.4220633344148473 0.017070699036427044 0.009602268207990292
5 0.26123342464835625 0.32691358580839774 0.02483010768934868 0.006692489963144723
5 0.25373266295053215 0.337534276402084 0.02431281377915397 0.007565423436598451
5 0.2746830663134201 0.33695232075311493 0.013449641665063936 0.008147379085567508
5 0.38434936402785597 0.322839896265614 0.016553405126232407 0.009020312559021164
5 0.4896186859993449 0.3448087220141979 0.02638198941993302 0.008147379085567579
5 0.4208185959434412 0.3093094274270822 0.02845116506071207 0.008729334734536636
5 0.4459073505878872 0.2959244475007926 0.027933871150517292 0.010475201681443948
5 0.4880668042687606 0.28850451297643653 0.021209050317985357 0.008438356910052071
5 0.5610052456062224 0.2748285552256624 0.02327822595876448 0.010184223856959456
5 0.595922584544369 0.27744735564602346 0.016553405126232476 0.010184223856959385
5 0.6336850399885868 0.2899594020988593 0.02586469550973817 0.007856401261083015
5 0.6279948069764445 0.2989797146578805 0.03414139807285444 0.011348135154897677
5 0.6217872800541072 0.27977517824189985 0.017587992946621965 0.009602268207990292
5 0.6797241979959209 0.329677875141001 0.022760932048569486 0.009311290383505763
4 0.6916256629095341 0.30656084448568527 0.05794432790008273 0.024701702298773984
4 0.9806014783676963 0.42920799750592553 0.038797043264607395 0.03837766004954808
5 0.8285170687704354 0.4060595540681968 0.03258951634227017 0.008438356910052108
5 0.732817695384404 0.3589211465016989 0.022243638138374707 0.013675957750774188
5 0.9544781359028608 0.36590461428932824 0.01862258076701167 0.010766179505928548
5 0.984481182694157 0.2860312014683178 0.02069175640779065 0.008729334734536636
5 0.7987726689342364 0.25256875165259396 0.015518817305842987 0.006401512138660231
5 0.7848057333589779 0.24209354997114993 0.018622580767011385 0.00756542343659838
5 0.9454254924744524 0.23860181607733522 0.026381989419933093 0.0087293347345366
5 0.9578405463191269 0.20150214345555448 0.01810528685681689 0.010766179505928548
