6 0.39468853138491317 0.7972271867808827 0.176392859517319 0.12881457349910247
6 0.7018360921371395 0.9476431088358487 0.21691598455351602 0.10471378232830247
6 0.4029610730669502 0.6231134897945617 0.12528256099993348 0.21025862642111556
6 0.18387684740607116 0.5395610912803102 0.09348558449109541 0.10132815290833626
6 0.29419586294271877 0.6160497845334324 0.2081809720098397 0.12299714114752996
6 0.4384889634997673 0.5115185160561133 0.051733594840768546 0.05734326175121346
6 0.35340901535802133 0.4068047337278107 0.07604215145269595 0.07895086762848208
6 0.5837170068479489 0.3182966558074596 0.10783026394521635 0.06814706468984774
6 0.6871841965294859 0.39641646167143135 0.05173359484076869 0.04487733528355825
6 0.6535261950668172 0.46331693371451366 0.05422678013429952 0.042384149990027355
6 0.5746792101588989 0.46290140283225845 0.04238414999002721 0.038228841167475595
6 0.74016438401702 0.15000664849411607 0.08414500365667166 0.05401901469317201
6 0.3262956252908715 0.025347383817565322 0.056719965427830595 0.022438667641779136
6 0.26178445582075655 0.07396449704142011 0.048617113223854744 0.04820158234159963
6 0.2667708264078186 0.1279835117345921 0.031164816169137702 0.026593976464330833
