6 0.3527806792436738 0.5087817191051891 0.12298131248534439 0.03162376606766003
6 0.6334416030941563 0.46068724154395624 0.05007096294046164 0.03162376606766003
6 0.3418002049146252 0.47089908266997144 0.04655721115516613 0.024376653010487886
6 0.3752930006500554 0.46562062712244695 0.03438582766675225 0.02458986513378207
6 0.3259133527797775 0.401896891257463 0.02438994753106833 0.031487022427403845
6 0.45945831139251253 0.44148057659477075 0.03798434451559835 0.020691471880865394
6 0.5429905273033518 0.32035611015885335 0.030927253139805516 0.016373251662250076
6 0.6112282230157133 0.3803976765893418 0.08059621151081245 0.03314844183106004
6 0.8926263892801509 0.45973737144018983 0.054004262682043704 0.03432474323011242
2 0.5852292035672266 0.2804143844234558 0.020124411039399277 0.0184893026424481
