2 0.14583333333333331 0.7899728997289972 0.10873983739837398 0.13550135501355015
2 0.2738821138211381 0.6314363143631435 0.10060975609756068 0.138211382113821
2 0.23119918699186992 0.6368563685636857 0.01117886178861788 0.005420054200542026
2 0.36788617886178865 0.537940379403794 0.10365853658536586 0.14092140921409213
2 0.5035569105691056 0.40243902439024387 0.10873983739837406 0.1355013550135501
2 0.5909552845528456 0.1930894308943089 0.10264227642276419 0.15311653116531168
2 0.6920731707317053 0.27032520325203235 0.10365853658536532 0.13956639566395687
2 0.8023373983739838 0.20663956639566386 0.11483739837398362 0.1504065040650405
2 0.6504065040650407 0.4227642276422766 0.10975609756097546 0.13821138211382114
4 0.5685975609756089 0.5250677506775067 0.10264227642276401 0.1341463414634148
4 0.6565040650406501 0.5521680216802173 0.12601626016260162 0.17479674796747913
