6 0.3134664232900733 0.5574098142776708 0.06275791199829536 0.13088783868147433
6 0.7946690572712487 0.6155579616869571 0.14412368753690377 0.0934782029782011
6 0.7877362016888454 0.5503528550858218 0.040197763190565186 0.011765198982604374
6 0.261733763841573 0.4573342537473391 0.06863032739852577 0.033089622138574984
6 0.7985332662147832 0.4602629623914568 0.05283344910124165 0.022795073028796062
6 0.1799059563917894 0.6591688937954392 0.169367403624364 0.019440147255857045
6 0.24981248152536945 0.8951369752518467 0.016954590401229486 0.060213411353466924
6 0.7259532432415137 0.8797099518293757 0.016496825028347668 0.07918476013606623
6 0.040142274235644815 0.19218801158024468 0.0384925917328101 0.018146507531181903
6 0.19608197766985544 0.17919658713223208 0.040692168403256394 0.012371575535153919
6 0.535319795226824 0.19205216845117629 0.08635713536407388 0.013987647592389208
6 0.7016083712581748 0.16319201205636266 0.032500172059471394 0.015046375953459024
