4 0.8070209923603983 0.16675131502943885 0.06462035541195463 0.16833129132661542
4 0.843980924253247 0.2060155480469425 0.040926580124610625 0.18397704429798292
4 0.7997884225049628 0.21047400084321424 0.008921942561808293 0.008603301756029467
4 0.43070650191722637 0.4312945216050227 0.365799645034139 0.03679593819519687
4 0.682645503788742 0.2985853937923754 0.10451418429546858 0.06882656401122116
4 0.6252513482067361 0.42367629811067475 0.025641902104245915 0.14769257483710532
4 0.7953274512240582 0.4633155207592838 0.08921942561808292 0.10323954811738834
4 0.7182163762255719 0.3834959989116771 0.08794486239496792 0.07742971580426534
4 0.4275032090309152 0.6314860612774955 0.1447893929909625 0.02580990526808846
4 0.5595046288038402 0.16959979726156058 0.015588176308000285 0.0678705281083819
4 0.36558721856065574 0.3046276482239109 0.029412997456511006 0.0950266071671895
4 0.7697788038418643 0.013560887899730312 0.10558511907465559 0.012863381206267314
4 0.7672997918241674 0.27643182219144724 0.03726408023277042 0.047775841495955575
4 0.8783029480291702 0.26768519893668197 0.11726444716341689 0.004349242261156918
4 0.872291222200215 0.24585081523813052 0.0008763460778071419 0.0014459710283815852
4 0.8650926927185071 0.20204898008891192 0.021292719563597587 0.04510730796300137
4 0.8841390044811759 0.7453359377823517 0.1053066353603767 0.014329143700569903
4 0.14509594921979352 0.5636463994026998 0.07876509349803161 0.009327865592030481
6 0.33458945121596456 0.4745692415366259 0.037900398013843775 0.026204572064259253
