4 0.569183802982917 0.46985234370498985 0.06548274421330624 0.19457829086614886
4 0.5411044959866386 0.7916386415736646 0.06752984109913243 0.10042899445512006
4 0.19999222171666162 0.9088058556097185 0.07445597864776148 0.09465721316459592
4 0.44976605706409395 0.582122760479582 0.15324079326341603 0.09234850064838625
0 0.5947845396334198 0.6094342597096566 0.07881358157292873 0.09526916453870492
4 0.29927302100161557 0.6760904684975767 0.13570274636510504 0.09854604200323103
4 0.20658319870759292 0.49757673667205166 0.07148626817447497 0.09369951534733445
4 0.15057029600178176 0.5900908763375103 0.09814216478190625 0.061389337641356984
4 0.9680936995153473 0.5177705977382875 0.06058158319870742 0.12439418416801296
4 0.7348546042003231 0.5767366720516963 0.056946688206785154 0.051696284329563726
4 0.7027463651050081 0.7407109198047814 0.05573505654281122 0.26655896607431345
