5 0.15287356570541502 0.7501897181235196 0.07265643532923223 0.11507009047066219
6 0.4624932482378537 0.7863335285918686 0.09072834056340674 0.25718656972716375
6 0.7844306100538101 0.9869685581304591 0.08520136965546357 0.02606288373908171
6 0.869442327532937 0.9825427854200491 0.04205008572896531 0.03491442915990177
6 0.8993136788568259 0.7728109017797923 0.14826338579873777 0.13277318131230245
4 0.9194166777213176 0.9798381465414652 0.12133469016367343 0.04032370691706973
4 0.7650652319557313 0.9213195962593762 0.14457524187339615 0.08851545420820173
6 0.806597076472238 0.1426082317798805 0.14014946916298598 0.13572369645257593
5 0.9426831819055599 0.2153914378043979 0.0660177762636164 0.09835050467577906
6 0.11560912689051986 0.052012286126614245 0.09731025895324738 0.06544091272657646
