6 0.7778732883167403 0.505303213325146 0.161550888529887 0.08477498259703503
6 0.9603646439233744 0.5959447419505879 0.0581583198707594 0.08723747980613923
6 0.7323640280021538 0.5621970920840065 0.094776521270867 0.05815831987075931
6 0.5401768064298771 0.6218770883090181 0.058825994913021734 0.11397536514398016
6 0.4406628317020151 0.6086412519245233 0.006863032739852599 0.0036766246820639026
6 0.45880084680019695 0.6479811360226069 0.11373025683184267 0.05441404529454559
6 0.4466247178778513 0.6263037718139428 0.10490635759488924 0.030017175588168247
6 0.08186617625395563 0.6865116159758792 0.16373235250791127 0.33212658207946044
6 0.07353249364127738 0.750410044665886 0.1470649872825548 0.14943504582622075
6 0.8880827220958056 0.48640870893024074 0.04675912416163285 0.02092847895944061
6 0.9511317970219717 0.3656154719087689 0.07013868624244865 0.022609388210271978
6 0.7643270442034583 0.3351602314415962 0.0512842006934037 0.01187832589589867
6 0.1038920632294346 0.2558420012765745 0.2077841264588692 0.15583809484415187
6 0.29859348542978237 0.1225138240990593 0.4494293698221467 0.17315343871572433
6 0.32361906138963226 0.5642326431422876 0.5925695458271446 0.3555632104940041
