6 0.043230991066276786 0.898912030201732 0.08646198213255357 0.1527690926636477
6 0.718457899149076 0.8537094141596527 0.21821357395358754 0.11502531551562925
4 0.17292396426510714 0.7788271617769946 0.0802861262659426 0.07488225238265812
4 0.3082781386749975 0.7298063058357701 0.0730809610882298 0.05558270279949866
4 0.3643754961300472 0.7637735131021305 0.04734822831068406 0.08646198213255346
4 0.592882163194653 0.7313502698024229 0.08028612626594267 0.06484648659941528
4 0.7158846258713214 0.7290343238524437 0.06690510522161887 0.057126666766151434
6 0.5553123733394362 0.6159389632951304 0.101901621799081 0.08723396411587998
6 0.6026606016501204 0.4531534242125798 0.10396024042128467 0.08183009023259537
4 0.4626745353402717 0.4458195953709793 0.3839323730409819 0.11811324344893472
4 0.8386755897577075 0.2797851637064984 0.06690510522161867 0.2786854959808208
4 0.8206298504082196 0.1740819372400967 0.358740299183561 0.31882855911379127
6 0.41995819892954583 0.2701936941642299 0.08028612626594267 0.0771981983326371
6 0.3309229435192378 0.2589999554059975 0.07719819833263714 0.06870639651604706
6 0.26659111157537346 0.19878536070654057 0.10910678697679373 0.07025036048269978
4 0.20946444480922202 0.3960267574464284 0.07102234246602614 0.046318918999582265
1 0.1466765768320105 0.4500654962792744 0.07308096108822978 0.024703423466443795
4 0.21512564602028206 0.33928608167194013 0.06999303315492429 0.03937108114964492
4 0.2305652856868095 0.309950766305538 0.04734822831068414 0.045546937016255916
4 0.3885642649409401 0.3512518024134989 0.09366714731026626 0.030879279333054798
4 0.5635468478282509 0.30338891944726387 0.05043615624398953 0.02933531536640217
4 0.6211881692499532 0.2748255860641881 0.0586706307328042 0.05403873883284604
4 0.3545970576745798 0.5770565325364623 0.0730809610882298 0.039371081149644806
4 0.8167569383593006 0.5890222532780212 0.08543267282145195 0.07719819833263707
4 0.9760555563845955 0.6998016678853554 0.047888887230809016 0.048634864949561346
