4 0.8596605599793172 0.9539579967689822 0.11996732351275369 0.09208400646203557
4 0.8299823700594174 0.7555582015209711 0.09012982792030896 0.18981888001398362
4 0.9022664635627848 0.4963304499158606 0.10037185382034347 0.05899564974066273
4 0.722001766997328 0.40372626744218343 0.10395866070586379 0.07023813847391686
4 0.11545114733190283 0.8246491211817234 0.03716385992330526 0.23594534506318307
4 0.6745372969749873 0.9276943701407389 0.19979242928737304 0.14461125971851999
4 0.5732099817289602 0.7717372070856828 0.16946665680533302 0.11860324817257303
4 0.46874618504319543 0.7121932131785784 0.03771792832418723 0.040532699094649155
4 0.4255889140881301 0.6699721079776648 0.07052479677421337 0.04451141008531446
4 0.40357000618680905 0.6194504309005638 0.025895891088248107 0.015762716314585815
4 0.5431826364017113 0.634087238906965 0.015762716314585746 0.0030024221551591523
4 0.22604016897298826 0.7129225695228643 0.12449367260812508 0.06441896320447019
