5 0.5737360581474016 0.6969040474708712 0.14810652153914317 0.08975546739869754
5 0.710284330536658 0.7441198288453106 0.09072539348031242 0.03693180079996267
5 0.542362768919588 0.643060992110867 0.06923780028760688 0.025964175107852653
5 0.6084172253118197 0.5906849406463841 0.057300248513881574 0.013877403936955728
5 0.541566932134673 0.6004215493690919 0.052525227804391506 0.018130156756345387
5 0.4611874168582557 0.553529314338769 0.052525227804391575 0.014772720319985097
5 0.4952094394133729 0.49085720699586877 0.04814812548735901 0.015220378511499745
5 0.4769051933603274 0.44049566045046507 0.023477185154993165 0.02775480787391146
5 0.5109272332182975 0.3921485865311932 0.1257422120165735 0.05819556489691102
5 0.5159011958211636 0.32858111257179007 0.033027226573973396 0.017458669469073342
5 0.48128229567736 0.3424585165087457 0.026660532294653264 0.00895316383029396
5 0.4086621890538642 0.2687068294566988 0.03262930818151595 0.022606738671492366
4 0.4584019881110531 0.2702736331270003 0.03581265532117605 0.018577814947860035
5 0.68583085260577 0.9114845457917983 0.06906390995010298 0.03245566654300717
6 0.6727236991416803 0.9810674963176426 0.1547256948112095 0.037865007364715
5 0.9541607749250446 0.8996643247685967 0.09167845014991073 0.03340285066554913
5 0.8685442274979688 0.7174668921944763 0.05507628261843678 0.03442267663652288
5 0.2670762593640061 0.43888912711566663 0.042837108703228495 0.025079378692323857
5 0.2456577050123918 0.38897624599270847 0.048956695660832494 0.02163711102867154
4 0.043711335411457615 0.33117716403358005 0.08742267082291523 0.03782862337595923
5 0.39209067864077485 0.2333365723432872 0.04108865528677022 0.027046388785839426
5 0.39864737895249347 0.1994056482301432 0.06644122982541553 0.02802989383259721
5 0.33351748918942165 0.16694998168713596 0.04633401553614508 0.02016185345853481
5 0.3453195497505152 0.12146287327458787 0.05595050932666577 0.015736080748124746
5 0.28718347365327657 0.11236545159207825 0.03234638820447867 0.019178348411777044
4 0.09121513919410644 0.0957299824931436 0.07223749278459436 0.014807155565486223
4 0.07330879406429201 0.07472448825761577 0.027242105329783453 0.008608811375282705
4 0.14600544092479453 0.09383604399058139 0.06489130707768645 0.030647368496006386
5 0.209060201575754 0.09125340057799658 0.02203855712072368 0.008953163830293995
5 0.06978876671122884 0.01265494996158459 0.022038557120723716 0.008436635147777044
