6 0.4931802789229336 0.4878907749040911 0.18061742348691345 0.2734194271029708
4 0.4031041996068918 0.6796670307849785 0.09695720585953936 0.14460474702479872
4 0.35268645255993136 0.6352052263836753 0.13130775879263346 0.05069476763513066
4 0.3105793231580741 0.5562543587551931 0.05485007645768231 0.060667508809254755
4 0.5970186113259708 0.7590334292957158 0.13574008820335529 0.13712519114420588
4 0.6956379407145309 0.7120784396008816 0.10249761762294185 0.19114420583737768
4 0.6989621877725721 0.5122080852361452 0.08366021762737404 0.054019014693172024
4 0.6770775613071334 0.43865911907698035 0.24377811758969925 0.09640316468319916
4 0.5128082920850643 0.3107204663663133 0.18227166789031862 0.08800282899024563
4 0.26432082449647315 0.29368370019385137 0.10858419143706854 0.05226717311630107
4 0.22110561274193558 0.3742966913513542 0.03434267380747833 0.060757226857104885
4 0.32277271094629 0.4249323083206805 0.38748776521700795 0.10471378232830249
4 0.1114233482075743 0.17485684878238586 0.19475689020432568 0.16432683334908027
4 0.48970037453183524 0.19873595505617977 0.09925093632958798 0.11376404494382021
4 0.9194756554307116 0.5428370786516854 0.15543071161048685 0.07162921348314598
4 0.899812734082397 0.8693820224719101 0.15917602996254673 0.17977528089887643
4 0.6062734082397003 0.9634831460674158 0.19756554307116103 0.061797752808988804
4 0.05664794007490636 0.9248595505617978 0.11329588014981272 0.1334269662921349
4 0.18352059925093633 0.8771067415730337 0.04681647940074907 0.07162921348314598
4 0.01638576779026217 0.7325196319751526 0.03277153558052434 0.12765736526317822
4 0.05898876404494382 0.4754213483146067 0.05992509363295879 0.0744382022471909
4 0.11704119850187267 0.31390449438202245 0.15917602996254682 0.11376404494382025
4 0.38061797752808985 0.7998595505617978 0.05337078651685395 0.06601123595505612
