4 0.12798294481130337 0.9800434870194235 0.09561944152568641 0.03857141164313077
4 0.24566841130445596 0.9040745762614313 0.06766914323356271 0.03555277942758139
6 0.8135007871339169 0.8903230295017063 0.035305639947945625 0.02817390067846077
6 0.42329991229255803 0.8584596894486853 0.04928078909400753 0.024149057724394966
6 0.11327226149965933 0.7851740073267368 0.05590059658424746 0.022472039826867417
6 0.3232672657733784 0.5589500652458903 0.06104933574332286 0.013080739600713827
4 0.896616147844706 0.50511779073526 0.04560311826609663 0.01811179329329626
4 0.6472700657123389 0.488850717129244 0.26626336794075756 0.076136612547745
6 0.47110963305540127 0.4105339813147134 0.14637129895085849 0.05970183715197628
4 0.3412878528301424 0.30991290746306793 0.04413204993493224 0.016099371816263322
4 0.44168826643211306 0.31796259337119953 0.07281788239263819 0.02347825056538398
4 0.4214610768786025 0.3543538817475447 0.11033012483733046 0.05064594050532825
4 0.6229974382481263 0.3161178736839194 0.06031380157774066 0.02649688278093329
4 0.5876917983001806 0.39091287191364243 0.039718844941439076 0.04326706175620764
4 0.6708071590109693 0.384707905692791 0.09561944152568642 0.05567699419791047
5 0.16144974934529366 0.33573898308499023 0.040454379107021196 0.014086950339230313
4 0.17285052891181776 0.35854642649136326 0.12798294481130337 0.008049685908131536
