6 0.039361192962386174 0.2786982564409343 0.05108580363203312 0.05601513556143981
6 0.01381829114636962 0.1616670072444839 0.02763658229273924 0.07703646263870054
7 0.07558186520968838 0.15243463119998385 0.03977992905773072 0.06795278740240245
6 0.10614960016983935 0.11248941157830132 0.02303048524394935 0.06519794466987262
6 0.19848090919330907 0.22957022771081903 0.06448535868305821 0.11019370930119311
6 0.15346677894377167 0.2456401436505763 0.07579123325736065 0.1404969793590212
6 0.32849846679778677 0.23002936816624064 0.05736684506220111 0.08356356288673812
6 0.302746196934098 0.48944372547946613 0.047735914869276856 0.07529903468914867
4 0.049410859250655 0.47245552862886553 0.03517383200894084 0.18641102490118505
2 0.17440358371099837 0.5743847097324692 0.13860164755904072 0.1441701030023942
6 0.42229535215496233 0.4320511685517613 0.03643004029497447 0.07805387742167845
6 0.5608969997140031 0.22543796361202426 0.09840298240596553 0.06519794466987257
6 0.5550346943791795 0.367771504792732 0.08081606640149502 0.10743886656866326
6 0.7533644398420695 0.1873293058120283 0.06029799772961297 0.13406901298311827
