1 0.7418078469715682 0.5679074816664772 0.10987007339174229 0.05222164021621259
4 0.75984224924299 0.42463678781192726 0.01187379789789252 0.09157387573235547
4 0.3159035561041391 0.6776902038380936 0.01970347420181208 0.06857878411588408
4 0.31772565954166704 0.7976796299013984 0.05505706272804243 0.03558686524761248
4 0.592131081352544 0.6191004526958839 0.025927475884425698 0.03965378664676862
4 0.4825168286581406 0.793514125725258 0.041941505107159056 0.019790655974684844
4 0.6863237316250693 0.6928010000005155 0.03478937068667615 0.01844255795438261
4 0.09948056944823945 0.8433497140534618 0.032439670175417476 0.010298307992195983
4 0.8300693476946686 0.22580912582144996 0.016120585144434044 0.011878325895898705
4 0.6945693476397564 0.26670617009579983 0.02248397401723656 0.01619404079417916
4 0.694104938779114 0.2673832664570954 0.0021211296242675814 0.005656345664713704
4 0.6355617611493274 0.3163536413658736 0.05048288505756917 0.011964372458122919
4 0.6225732671077362 0.300869697399635 0.022165736876694056 0.004785923185791724
6 0.7830440072349603 0.4818976388088341 0.013800228629482802 0.012055372136099862
4 0.7271292877879182 0.9041915161815219 0.01237261877126059 0.015227838487705156
