1 0.63389231775226 0.4922412027947922 0.06287028206329244 0.10073951628855032
1 0.7516894042952768 0.48599628016675 0.05018592691017204 0.05882599491302194
1 0.6772377544834833 0.558058092757866 0.04577397729169519 0.04559014605759188
1 0.6300850429360142 0.6076925571430644 0.023162735497002488 0.05073742061248154
1 0.5348758398714333 0.33716476038568627 0.06159107723846077 0.033824947074987746
1 0.6060915788382306 0.27684983855941014 0.015441823664668277 0.04338417124835381
1 0.49027790135321836 0.6331147702514002 0.048531445803243256 0.02941299745651108
1 0.5426698030726286 0.4665636721539063 0.013235848855429992 0.024265722901621628
1 0.5512179554584271 0.5268603169397539 0.012684355153120492 0.0242657229016217
1 0.5997494012616704 0.5257573295351348 0.039156052863980266 0.025001047838034366
