6 0.179614474787269 0.9197138737340574 0.08337405419924805 0.026247387433096778
6 0.2794574779641464 0.8151103149933341 0.15130846873196874 0.11965720741558755
6 0.545533934883969 0.7884769365685744 0.12969297319883033 0.08646198213255346
6 0.3993720127075093 0.7618435581438144 0.11528264284340466 0.10267360378240738
6 0.18579033065387995 0.6865753147694934 0.0977843845546737 0.06484648659941528
1 0.19659807842044918 0.5148093234793758 0.0761688890215353 0.06870639651604706
6 0.24394629274429275 0.622114695408723 0.12145849871001571 0.08569000014922722
6 0.353567748363478 0.5912355398286866 0.1266050452655249 0.060986576682783136
6 0.436941802562726 0.6097631074285194 0.0792568169548408 0.07025036048269975
6 0.4739969377623919 0.7174545941025482 0.0710223424660262 0.033967207266360336
6 0.5306089498729925 0.6939091436110939 0.15542570597637606 0.09958567584910184
6 0.4086357965074257 0.675381576011261 0.15027915942086692 0.10730549568236576
6 0.5264917126285852 0.6001133326369397 0.20071531566485654 0.15748432459857972
6 0.4755409017290446 0.47013702784575995 0.1008723124879792 0.07719819833263707
6 0.5120813822731596 0.44929351429594794 0.0813154355770444 0.040143063132971404
6 0.659272613760721 0.4608732440458435 0.09572576593247 0.08491801816590083
6 0.6772855267050027 0.39139486554647007 0.06381717728831333 0.0494068469328878
6 0.5944261271613058 0.42150216289619863 0.08543267282145173 0.0494068469328878
6 0.43539783859607334 0.3674634240633526 0.072051651777128 0.08491801816590076
6 0.4441469677404388 0.3940968024881124 0.1039602404212846 0.037827117182992115
6 0.341216036630256 0.3983427033964075 0.14307399424315406 0.11425333353230287
6 0.19351015048714365 0.3856050006715223 0.09675507524357185 0.03628315321633942
5 0.043787360841312316 0.4990878435566215 0.042886386338404664 0.03027274329769753
6 0.1257760406059095 0.35340724876553004 0.03315586170700193 0.014866079297976427
5 0.2535342192415979 0.3274592610746585 0.06378899480586242 0.020812511017166954
4 0.8061804876332935 0.28753683135356306 0.07567795972568064 0.03586819966165077
6 0.8245744361777299 0.2386614823640609 0.07883120804758406 0.0610941862368777
6 0.8605740211861266 0.2193478363924028 0.04467101789363113 0.042174696305457504
6 0.9446606431035497 0.17480820384551776 0.07935674943456818 0.04611625670783672
