6 0.2061161458888398 0.4708440544160558 0.08899110979075754 0.16438135158717862
4 0.31121500615167347 0.7997290407059756 0.042631711743254676 0.05252280670123028
4 0.37420455777232503 0.7135916377159578 0.031614527809604595 0.054623718969279624
4 0.40318454159779593 0.6720986204219856 0.04454774373171553 0.08298603458794411
4 0.7907020112640099 0.8848159875619689 0.03592559978364165 0.0966419643302639
4 0.16334172701629043 0.623411475952178 0.04311071974036992 0.04727052603110742
4 0.0744857435514169 0.6081798620088211 0.039757663760563354 0.058825543505378025
4 0.02323188786008823 0.8429568079633211 0.025387423847106724 0.09979333273233791
4 0.8282048270122175 0.38180656512651817 0.045984767723061426 0.040967789226959754
4 0.843293578921347 0.2562770571105775 0.0426317117432545 0.0840364907219686
