2 0.2469512195121952 0.7344173441734401 0.1219512195121953 0.30081300813008094
2 0.3495934959349589 0.7831978319783189 0.08333333333333325 0.20325203252032423
2 0.5001548762818683 0.7886536358431476 0.05691056910569095 0.12405787357886525
2 0.5282099701843108 0.5966193676417213 0.04923729100755308 0.12821772334779968
2 0.5824118380203995 0.4248164844625272 0.051734118898931605 0.1368563685636858
2 0.7340790090834705 0.35325129453657217 0.06496204802787145 0.14741512001397652
0 0.8909997920597224 0.4677379497112646 0.06857446433897427 0.15040650406504133
2 0.5318384143718586 0.3865646765434985 0.23690249697919044 0.41210946092693973
2 0.23170731707317074 0.55420054200542 0.08130081300813007 0.08672086720867206
2 0.32418699186991873 0.646341463414634 0.06504065040650406 0.06504065040650403
